
 NPM(K)    PM(M)      WS(M)     CPU(s)      Id  SI ProcessName
 ------    -----      -----     ------      --  -- -----------
      7     1,12       1,08       0,00    8128   0 alg
     25    17,79      26,26       0,92   11820   1 ApplicationFrameHost
     17     3,45       2,51       0,00    4176   0 armsvc
     18    73,12      94,21     362,16   18152   0 audiodg
     21    79,58     123,38      25,77    3772   1 chrome
     26   182,04     225,15      69,81    3792   1 chrome
     17    22,61      41,55       0,06    4856   1 chrome
     16    18,16      30,23       0,05    5660   1 chrome
     21   104,39     153,58       5,16    8712   1 chrome
     25   188,48     237,73     198,42    9828   1 chrome
     18    36,38      33,82      10,11   10944   1 chrome
     18    24,50      13,95       2,47   11336   1 chrome
     17    29,65      27,86      97,17   11344   1 chrome
     16    21,45       6,65       2,27   11532   1 chrome
     68   189,41     255,86   3 971,92   11672   1 chrome
      9     2,14       3,41       1,92   11696   1 chrome
     17    25,43      23,89       5,88   11772   1 chrome
     73   434,04     334,18   4 236,97   11988   1 chrome
     23    35,17      48,22   1 446,39   12000   1 chrome
     15    11,38       9,68      12,89   12096   1 chrome
     18     8,44      10,75       2,17   13792   1 chrome
     22    38,06      76,50       5,67   17964   1 chrome
     26   279,29     326,36     817,11    6064   1 Code
     16    39,66      92,62      24,84    6944   1 Code
     17    66,65     125,63      63,30    7048   1 Code
     16    13,26      40,71       1,67    7136   1 Code
     15    58,62     105,76       9,86    8924   1 Code
     46    46,30     108,49     132,61    9016   1 Code
     33   211,79     130,08     314,14   14124   1 Code
     13    10,27      26,40       0,02   16160   1 Code
     15    25,00      80,44       3,27   17972   1 Code
     11     7,05      11,35       0,08    2660   1 CodeSetup-stable-252e5463d60e63238250799aef7375787f68b4ee
     23    22,15      39,79       7,12   15280   1 CodeSetup-stable-252e5463d60e63238250799aef7375787f68b4ee.tmp
      7     1,67       4,40       0,12    8412   1 CompPkgSrv
     13     7,15      19,07       0,38    8060   1 conhost
      8     1,61       6,60       1,95   17236   1 conhost
     24     2,24       2,72       0,00     828   0 csrss
     29     3,70       3,74       0,00     944   1 csrss
     17     5,24      13,06      42,41   18252   1 ctfmon
     23     6,92      11,57       2,77    5920   1 dllhost
     17     3,94       6,31       0,00    6288   0 dllhost
      9     2,07       6,47       1,20    8520   1 dllhost
     60   113,58      80,13       0,00    1388   1 dwm
    147   867,82     406,67   1 564,69    4780   1 explorer
     19     6,05      27,25       1,88   17056   1 FileCoAuth
     46    38,81      32,86       0,00   10464   0 FOGService
     24    16,87       9,45      22,95   13360   1 FOGTray
     27    25,38      19,46     148,58   10784   1 FOGUserService
      6     1,42       1,47       0,00    1088   0 fontdrvhost
     10     5,31      12,02       0,00    1316   1 fontdrvhost
     32    36,14      59,98       0,94   10232   1 HxAccounts
     44    43,93       3,57       0,38    8892   1 HxOutlook
     26     9,86      29,98       1,16   12728   1 HxTsr
      0     0,06       0,01       0,00       0   0 Idle
     10     2,38       3,52       0,00    2768   0 igfxCUIServiceN
     15     3,98       6,95       0,45    6780   1 igfxEMN
      7     1,17       1,23       0,00    1816   0 IntelCpHDCPSvc
      8     1,29       1,34       0,00    4788   0 jhi_service
     30    34,90      41,40      23,56    6892   1 LockApp
     27    11,03      18,25       0,00    1016   0 lsass
      0     1,34     107,86       0,00    2648   0 Memory Compression
     49    69,28      49,49       2,64    1808   1 Microsoft.Photos
      7     1,98       6,57       0,00   14468   0 MpCopyAccelerator
      9     2,05       7,73       0,02     620   1 msedge
     32   112,04      81,97       5,45    2980   1 msedge
     57    55,88     149,95      23,97    5700   1 msedge
     16    12,22      35,14       5,83   10376   1 msedge
     16    21,86      55,89       2,91   11000   1 msedge
     14     8,77      20,25       0,12   12076   1 msedge
     16     8,53      26,54       0,09   14632   1 msedge
     15    19,02      32,35       0,11   14672   1 msedge
     16    24,67      56,38       0,38   15496   1 msedge
     20    70,47      14,05       5,08   17644   1 msedge
     17    88,15     136,07       5,67   17844   1 msedge
    116   412,95     347,39       0,00   15732   0 MsMpEng
     12     6,18      13,86       0,00    9360   0 NisSrv
     20     8,72       9,30       0,00    2152   0 NVDisplay.Container
     34   106,84      95,93       0,00    3216   1 NVDisplay.Container
      9     3,28       6,16       0,00    4368   0 nvWmi64
     13     5,52      13,46       0,00   17416   1 nvWmi64
     27    38,15      38,81       0,00    4360   0 OfficeClickToRun
     30    43,38      12,19       0,00    4196   0 OneApp.IGCC.WinService
     59    60,53     115,42     116,27   14352   1 OneDrive
     82    84,77     121,63       4,20   10000   1 PhoneExperienceHost
    155   322,90     449,22     121,25   16872   1 pwsh
     80    35,30     108,64       2,02   17280   1 pwsh
     12     5,64      45,36       0,00     172   0 Registry
      9     1,85       1,50       0,00    4296   0 RstMwService
     14     3,80       3,57       0,00    4272   0 RtkAudUService64
     17     5,36       9,11       0,00    9180   1 RtkAudUService64
     15     5,12       7,84       0,45    9716   1 RtkAudUService64
     18     5,79      13,70       3,67    4848   1 RuntimeBroker
     14     3,33      21,45       0,06    6684   1 RuntimeBroker
     23     9,39      22,80       2,73    7388   1 RuntimeBroker
     36    18,83      35,59      14,72    7672   1 RuntimeBroker
     20     6,42      21,16       1,23    9224   1 RuntimeBroker
     22     7,73      21,33      10,98    9444   1 RuntimeBroker
     20     8,66      24,04       7,03   12440   1 RuntimeBroker
    209   334,26     370,68      75,92    7504   1 SearchApp
    190   215,46     217,33      61,22    7548   1 SearchApp
      8     1,50       7,45       0,00    7720   0 SearchFilterHost
     78    47,44      52,23       0,00    7536   0 SearchIndexer
     12     2,33      13,15       0,00   14840   0 SearchProtocolHost
     17     6,36      12,60       0,00    9576   0 SecurityHealthService
      9     2,63       4,85       0,31    9540   1 SecurityHealthSystray
     12     6,53       8,35       0,00    1008   0 services
      8     8,42       6,93       0,00    4736   0 SgrmBroker
     39    47,52      71,42       5,53   13272   1 ShellExperienceHost
     20    10,57      24,72      26,20    6664   1 sihost
      4     1,05       0,40       0,00     596   0 smss
     23     7,04       5,75       0,00    3720   0 spoolsv
     34    26,99      65,79       9,80    7212   1 StartMenuExperienceHost
     26     5,32       4,37       0,00     948   0 svchost
     12     2,73       9,43       0,00     968   0 svchost
     25    24,66      32,64       0,00    1060   0 svchost
     20    23,59      20,82       0,00    1140   0 svchost
     12     4,34       6,53       0,00    1196   0 svchost
     30    14,78      11,79       0,00    1456   0 svchost
      7     1,23       1,17       0,00    1552   0 svchost
     18     6,87       9,80       0,00    1604   0 svchost
     12     2,23       4,81       0,00    1648   0 svchost
     13     3,24       5,19       0,00    1656   0 svchost
      9     2,14       4,69       0,00    1664   0 svchost
     11     2,10       2,96       0,00    1752   0 svchost
      7     1,77       2,25       0,00    1784   0 svchost
     13     3,99       7,10       0,00    1828   0 svchost
     10     1,66       1,97       0,00    1848   0 svchost
     13    16,24      14,90       0,00    1904   0 svchost
     10     2,93       4,39       0,00    2064   0 svchost
     12     2,46       2,74       0,00    2112   0 svchost
      8     1,42       1,61       0,00    2228   0 svchost
     12     2,31       5,52       0,00    2352   0 svchost
     16     5,54       7,09       0,00    2404   0 svchost
     16     5,61       6,82       0,00    2464   0 svchost
     12     3,27       6,82       0,00    2492   0 svchost
      7     1,34       1,54       0,00    2500   0 svchost
      9     1,93       4,13       0,00    2508   0 svchost
     13     3,50       6,39       0,00    2616   0 svchost
     10     1,95       2,68       0,00    2668   0 svchost
     12     1,93       4,81       0,00    2712   0 svchost
     13     2,15       3,50       0,00    2808   0 svchost
     10     2,31       3,15       0,00    2880   0 svchost
     13     2,54       6,21       0,00    2888   0 svchost
      9     2,21       3,89       0,00    3068   0 svchost
     21    23,76      29,46       0,00    3244   0 svchost
     14     4,73      10,79       0,00    3332   0 svchost
      9     7,90      13,61       0,00    3508   0 svchost
     14     2,47       3,26       0,00    3536   0 svchost
     10     1,77       2,40       0,00    3544   0 svchost
     16     4,02      15,26      70,61    3568   1 svchost
     16     2,74       7,68       0,00    3596   0 svchost
     32    10,70      11,91       0,00    3744   0 svchost
     11     1,95       3,98       0,00    3836   0 svchost
     26    28,49      37,11       0,00    4160   0 svchost
     28     7,66      15,56       0,00    4172   0 svchost
     20    40,61      42,14       0,00    4188   0 svchost
     16     2,84       3,40       0,00    4204   0 svchost
      7     1,24       1,20       0,00    4224   0 svchost
     18     4,73      13,36       0,00    4232   0 svchost
     12     2,41       3,70       0,00    4676   0 svchost
      7     1,35       1,29       0,00    4712   0 svchost
     24     5,20      14,74       1,56    5516   1 svchost
      9     1,82       1,57       0,00    5744   0 svchost
     16     4,12      12,76       0,00    6116   0 svchost
      8     1,52       2,75       0,00    6152   0 svchost
      9     1,86       2,43       0,00    6200   0 svchost
     19    10,95      19,12      16,70    6740   1 svchost
     23     9,34      25,44      19,64    6792   1 svchost
     15    12,22      21,61       0,00    6968   0 svchost
     22     5,05       7,96       0,00    7148   0 svchost
     11     2,43       4,88       0,00    7448   0 svchost
      9     1,75       1,53       0,00    7576   0 svchost
     14     6,64       2,57       0,00    7732   0 svchost
     19     4,14       7,93       0,00    8528   0 svchost
      7     1,25       1,62       0,00    9452   0 svchost
     14     3,43       7,37       0,00    9480   0 svchost
     32    11,82      13,48       0,00    9872   0 svchost
     18     2,20       3,02       0,00    9928   0 svchost
     11     2,28      10,35       0,00   11116   0 svchost
     11     2,89       5,86       0,00   11600   0 svchost
     13     6,55       9,09       0,00   13244   0 svchost
     17     6,27      15,11       0,00   15784   0 svchost
     11     2,39       2,79       0,00   16064   0 svchost
     10     2,00      10,37       0,00   18080   0 svchost
      0     0,20       3,58       0,00       4   0 System
     37    42,45       0,95       0,36   16836   1 SystemSettings
     33    10,69      16,68      14,56    6932   1 taskhostw
     21     7,54      22,36       0,27   17544   1 taskhostw
   1784   238,25     307,96   2 280,06    3424   1 Teams
     21   224,81     279,49     316,28    7132   1 Teams
     16    22,21      87,50       0,05    8972   1 Teams
     17    12,04      65,68       0,73    9024   1 Teams
     18    25,21      66,23       0,23   10484   1 Teams
     37   209,03     137,69     163,86   10584   1 Teams
     20    14,80      45,64       4,23   13920   1 Teams
     50    85,77     153,43      48,75   14800   1 Teams
     24   330,67     380,78   1 009,70   17096   1 Teams
     27    34,62      16,76      24,09    8292   1 TextInputHost
      7     1,35       2,24       0,00    7436   0 uhssvc
      8     1,61       3,00       0,00    9376   1 unsecapp
     15     3,09       2,76       0,00    4280   0 vmnat
      8     7,62       1,71       0,00    4248   0 vmnetdhcp
     16     3,86       2,82       0,00    4240   0 vmware-authd
     13     3,03       5,00       0,00    4264   0 vmware-usbarbitrator64
     14    13,79       5,05       0,00    4312   0 WavesAudioService
     19   111,64      13,45       6,28    9656   1 WavesSvc64
     17     6,15       5,76       0,00    4320   0 WavesSysSvc64
     11     1,57       1,65       0,00     936   0 wininit
     12     2,78       5,87       0,00    1260   1 winlogon
      5     0,77       1,83       0,00    4256   0 wlms
     16    10,71      11,99       0,00    5380   0 WmiPrvSE
     11     3,57      10,62       0,00    9460   0 WmiPrvSE
     13     2,62       2,09       0,00    4344   0 WMIRegistrationService
     13     1,96       9,73       0,00   16868   0 WUDFHost

